#Pristine green tanks

#North
-15 1 -10 to -19 6 -16
-15 1 -10 -19 6 -16

#East
-31 1 -11 to -25 6 -15
-31 1 -11 -25 6 -15

#South
-34 1 -25 to -30 6 -19
-34 1 -25 -30 6 -19

#West
-19 1 -25 to -25 6 -21
-19 1 -25 -25 6 -21

#Working green tanks

#North
-15 1 7 to -19 6 1
-15 1 7 -19 6 1

#East
-31 1 6 to -25 6 2
-31 1 6 -25 6 2

#South
-34 1 -8 to -30 6 -2
-34 1 -8 -30 6 -2

#West
-19 1 -8 to -25 6 -4
-19 1 -8 -25 6 -4


#Pristine red tanks

#North
-15 1 24 to -19 6 18
-15 1 24 -19 6 18

#East
-31 1 23 to -25 6 19
-31 1 23 -25 6 19

#South
-34 1 9 to -30 6 15
-34 1 9 -30 6 15

#West
-19 1 9 to -25 6 13
-19 1 9 -25 6 13

#Working red tanks

#North
-15 1 41 to -19 6 35
-15 1 41 -19 6 35

#East
-31 1 40 to -25 6 36
-31 1 40 -25 6 36

#South
-34 1 26 to -30 6 32
-34 1 26 -30 6 32

#West
-19 1 26 to -25 6 30
-19 1 26 -25 6 30
